21768
9706
2961
827
10270
32455
19957
17964
16330
30844
14859
3735
9095
14446
29649
9879
31356
26911
12531
1063
29581
19051
19303
7118
29676
29147
6519
19459
16937
10168
51
9464
25970
11625
7632
15575
1646
31084
11782
2471
19666
1784
24025
31731
13615
10425
6785
28029
31896
18645
22036
10584
30425
11374
17378
8328
30480
20795
6828
4822
5428
16250
11692
11915
140
30471
5135
13249
32151
26424
5753
28957
14024
13031
9782
1727
2153
25520
4116
22139
6862
9383
23264
10538
12611
13200
29824
4895
16582
4577
32170
24051
15291
1853
16361
345
18447
22211
14977
20512
11216
20896
8124
756
28622
29424
9504
4935
13985
7804
15266
16886
7348
14661
17111
24638
15361
25144
6560
15162
30201
26499
26775
20460
10699
13583
10918
11970
13951
9350
2469
71
1066
14336
11304
19628
890
26735
1005
18529
19798
10385
7216
2476
31557
21799
13076
3278
4276
25114
25361
464
14536
16669
3911
8014
29533
3575
31007
9480
19048
1483
19379
15884
20302
8839
29334
1754
28239
10593
7804
9620
8095
22093
31986
27056
12119
20900
16306
15774
27965
4623
32737
14764
7816
16943
8046
17271
24923
20345
11624
20376
13184
21850
1046
1248
4837
3034
24422
12571
32147
21859
21065
2997
346
118
12873
4560
16816
10245
25461
20365
21991
3230
32097
13207
12757
30910
17245
10956
3508
15562
29858
25298
2147
21951
15381
29558
30904
12137
9511
9725
11445
17300
28009
4542
29191
5201
5839
13423
25629
18451
27331
27607
1529
17728
770
13819
20095
29484
22886
6387
13580
20173
7911
2081
23059
12636
22974
18976
26126
22600
20832
28637
20335
8263
27880
7467
16711
20050
4223
475
10043
21921
24549
358
7779
16953
27897
15037
17627
30500
18992
886
26310
24385
22853
5786
2456
6314
30833
16378
26962
25912
8564
3735
16951
6858
16900
7459
2584
31621
14426
17725
10192
8511
6130
10111
15528
1991
19168
1062
11806
506
22602
19370
3670
18704
7946
25809
16479
30167
10978
21855
16356
17256
8950
28978
27101
11258
19375
20327
12005
24312
29716
15055
28697
11570
27493
13836
30810
27539
15518
29213
16951
22911
27036
12953
9068
12668
4856
8126
25772
5863
741
1724
13442
5820
10743
15006
28994
15524
31433
7278
6349
5622
8032
9017
9075
30694
19554
25568
8994
5514
3925
28718
5641
12448
9613
5341
17559
24923
8278
8392
19801
28886
4985
31078
29597
26931
32424
10232
337
21841
9584
22068
11376
390
887
2151
2455
24542
22069
17315
26482
24631
16135
4915
8727
26126
1710
21077
5119
25402
23608
28361
15215
13586
10626
5057
3587
795
1495
19203
28872
3549
22211
13342
16459
28829
12413
19515
22115
7175
8261
3944
13734
26214
14529
13079
3131
27700
4
8484
8970
20169
22301
27318
8598
18344
20238
29902
26134
17866
6764
13254
7263
9608
18290
1484
20420
10605
21345
30039
2783
30063
15327
32670
28813
1718
14278
6892
25648
1642
24100
13367
7549
27475
4674
9389
23911
14410
6029
30016
15682
28838
14795
19493
17408
3328
30709
23603
5568
25168
8439
25196
2103
121
11093
12892
20694
16517
5084
15273
13609
9554
12762
12279
14768
14039
17047
6267
10943
30179
18603
21992
30682
9798
29707
21366
17600
17354
12710
15542
3939
26149
26104
11438
11835
6775
31295
15504
16137
7310
875
28442
25438
4443
19938
31857
8830
10977
13793
7311
15721
9715
16603
12931
19861
9831
21080
483
29883
30202
14871
1546
27858
23474
32066
6586
24231
943
26664
8467
32517
11214
8348
29974
2574
28891
28313
25542
11502
29639
21206
17070
381
12994
31103
6956
5229
4248
16857
8194
11649
32753
18389
30872
21541
6522
9992
19011
4983
27285
17176
7956
16023
13183
16003
18293
25738
15591
25071
7905
17658
27348
1737
6801
27648
29929
17920
29981
3472
702
26956
2716
8575
25041
7588
27277
15214
10641
19183
16800
14309
4986
27025
18013
20355
146
20893
26065
17193
27137
28728
32418
28616
3814
4084
4440
23939
7266
11019
25570
11915
13225
22836
22318
9217
32702
27104
4773
18937
6265
6738
14550
20876
5228
31301
9096
7917
13678
22966
1259
30849
11426
14639
4910
17630
17574
25749
31039
11259
27636
21589
6389
11506
24689
16608
13211
17660
27052
8113
29984
28530
11762
11319
29229
6072
7162
9531
8613
22212
26304
26713
19665
1557
22563
9129
26220
10873
28087
29246
27818
6082
570
14741
16405
15069
2260
14744
7117
29587
22908
5767
7415
2592
10740
31568
17920
2569
11083
6700
12581
19999
8739
5688
6503
19452
13521
3032
12752
22879
7850
19231
27479
20198
19135
15948
6431
22200
27861
4967
17982
32617
23732
3873
30409
231
10302
10881
7316
1585
13483
10395
18131
17156
14345
1353
18278
12979
2208
24792
17580
16260
7035
26323
31406
17838
19301
3774
20175
27845
17756
19190
31495
30159
19035
29171
16738
17071
5052
21196
11447
18176
4516
27526
18899
32117
23452
6736
9976
10513
2619
22556
6726
14736
18311
6943
13766
16216
14951
22990
28823
1231
14518
24024
7559
23888
10529
24973
30231
29592
18245
21512
25350
15645
9082
25938
15286
7313
7677
1482
12239
27191
4771
19029
12656
30391
19802
8488
19465
27640
14093
18552
531
24337
30086
24313
17418
14308
19992
22982
5629
432
23460
31286
7685
3690
24068
23301
30613
14278
32263
17029
23264
7039
20673
28038
21653
2356
8495
9920
18152
30645
13896
12898
5509
29813
32673
177
16082
28195
16664
8665
8383
19181
12530
8244
19658
10749
26899
4285
25245
30322
13775
22646
1003
3144
31108
12698
3150
32429
17827
32607
2048
22836
14083
26722
18173
8421
13412
2519
16884
26576
20273
30623
5023
28801
21534
25781
13783
5924
29737
29587
20375
26331
8566
523
15181
18481
8920
8820
8425
19355
1226
11752
10944
9912
7172
5758
7060
20938
29034
4051
7483
22322
5780
3990
2549
25296
27193
9561
30356
29721
24975
17686
7670
26390
25791
19837
13604
11897
18263
28375
4668
24381
2379
24829
16543
25229
11963
15669
26788
19565
9557
7960
25669
30881
30180
26550
19280
25973
25658
3939
22377
10409
28367
26402
7825
27020
22052
27022
6156
32105
8400
25459
18363
23903
5677
14894
27178
23792
26716
25585
14612
2744
24243
6499
27193
27137
19033
10230
14117
22316
20560
23775
16276
26199
29620
13873
23918
15464
13763
32489
9847
26196
19738
1270
31072
22433
26852
11631
21872
22624
26864
4423
12547
14401
26451
11033
23321
29846
25905
10079
29315
11942
6555
12676
10969
11837
10157
10504
18314
29518
11571
26010
29788
27337
8902
25568
11741
24327
17479
18805
24461
2614
2011
18777
10270
23802
9538
13878
9390
30413
26934
12810
3663
17970
13183
4339
1014
763
17918
28812
22583
1228
2368
3622
10853
30076
25070
12594
16278
4553
3948
30582
4196
30475
18277
4297
32631
3779
23872
21427
2852
11046
25516
8559
23203
10374
29523
22468
6315
7821
25695
31395
9583
1018
18646
7620
21457
7563
11383
2843
31596
15914
32079
17329
30101
29776
25565
24720
30782
24153
12661
15560
4405
8837
26544
27377
16139
648
9990
31557
6527
19062
6711
6749
20815
21272
18301
27011
26872
15383
12430
32035
2092
26660
29736
11686
10375
21375
24262
18115
1435
1458
14686
24685
833
25287
3253
29067
31869
12053
20124
21854
29828
12805
2402
22568
27260
4147
4945
15474
13223
9660
500
20654
10427
3811
9498
20842
29910
18383
2167
24698
22907
880
8301
15127
20822
27756
25344
13272
20095
11451
18195
19944
16217
16685
2496
22435
4025
4985
5769
30773
16914
7528
14758
30390
6721
9107
23504
23908
26523
9499
21147
25975
30524
10969
12712
20079
16515
17003
4379
25152
28121
4598
10681
15082
371
30632
22663
30247
7997
24378
17688
12583
23505
5757
4974
6468
30233
13491
27960
10253
19609
28819
25846
27901
22978
32256
14350
27499
28046
1899
10620
17135
23477
28735
9459
17843
6947
26018
17188
2590
8713
11908
19747
11020
22068
27426
8091
11742
8912
1591
1013
20132
20985
27714
21329
1346
19179
27907
28219
2698
32022
21978
27947
532
16267
30380
6630
5776
7477
20571
20256
28844
19205
27770
13636
24967
9218
7844
24015
7151
16196
15310
1183
27991
16326
21692
21246
7491
15412
6713
6665
14433
9547
601
15387
5635
13723
18348
12276
22132
14036
30094
1134
5210
3050
17195
25320
25264
28921
22784
30737
29597
8062
319
30118
22024
7397
22889
26790
25588
27552
23671
1142
10359
21000
12618
29009
19186
2942
23028
15767
12591
20825
9335
23590
30257
10801
30061
21857
29432
9899
24350
23279
12531
11596
20088
29548
14209
15470
31367
5097
8723
15063
14673
24935
4328
19975
4740
2285
18568
4834
18636
26483
23107
9604
14170
1014
15980
27425
15256
15506
31313
15970
8330
12977
27571
3348
19157
13567
4963
9916
19238
2688
22587
13369
22303
7376
25220
15778
15340
26679
5807
27722
19660
17283
17739
14944
18584
32610
10927
6777
4426
22128
7552
5143
22906
19428
25999
18635
30188
4515
19523
28962
23192
23594
23782
20197
3845
26619
9566
15364
31736
1623
12265
15788
22298
5055
24567
2998
7149
6462
5438
4069
13015
17421
3475
6587
1438
8523
28001
27882
5460
17112
25935
515
27249
25711
20376
5263
1090
17458
11060
27606
12415
11998
7462
27958
28120
6014
13949
30110
25273
32373
18789
27156
17071
26662
25590
30791
4633
5335
15315
24497
2668
7576
9282
16013
10764
15376
21296
23992
14219
27498
5791
305
6883
25086
24251
1794
4332
7085
24996
15196
9390
15231
27850
2729
30769
15998
6016
18050
17456
7309
6977
19862
14037
25300
24806
2246
9637
335
24694
31571
27175
26786
2266
27770
27910
1708
24373
7703
28424
18570
10542
18532
25947
3049
8249
20502
20964
17257
6049
18637
10696
798
2637
30436
17342
10630
13587
29319
7047
29715
10123
26661
192
14695
30066
27067
24814
23185
11225
22400
20327
18959
16403
12690
12786
913
25345
23506
26952
20267
10261
3865
27918
4646
16763
25195
31512
9099
31724
32427
3037
3922
31505
29423
6368
11454
12483
9825
30397
21755
12949
26310
16329
14204
510
14848
2622
15270
31527
3453
18612
16546
16569
10546
1773
27660
27425
18323
9006
8915
9346
5029
9529
24598
25314
12241
6412
25233
28566
28328
26566
12580
7689
16494
31464
15154
32464
27914
12688
28844
6236
12366
2821
23462
8981
3025
27513
8312
5557
14798
25398
15771
28562
9859
5083
23294
30218
2679
10685
19164
8641
2407
14647
8917
11172
975
30070
26903
12205
8825
13776
20864
32307
12564
22719
24140
23962
29263
17184
16657
22732
17806
30219
24494
14411
18891
5156
16438
23734
13878
26734
25359
2981
23990
14817
27036
5589
31609
10821
32179
30480
25837
22192
8221
2203
6453
12845
11955
5753
27288
28617
30880
31771
9441
15132
93
4957
22382
30447
24857
2040
18917
124
8426
16523
8684
29567
2323
567
15689
21431
23571
25232
15172
10188
7106
15931
26906
948
5464
2053
14243
11850
25269
23956
15910
24224
12407
24086
14766
15495
23102
26692
3967
30561
21960
3934
20681
15881
17038
24673
584
29286
13467
32166
27768
28225
10806
7338
31330
13573
15887
10350
29097
2967
6092
14996
23687
10447
32085
17991
294
22405
8438
8852
29724
28178
27055
17185
13203
12681
29075
10573
4264
11219
2473
20532
25633
16443
24436
474
31208
15838
12665
954
20679
30050
5391
28009
24978
26157
20091
2250
25337
1658
22483
24172
250
20775
21750
17313
12314
19633
9354
7274
26742
27071
22856
14111
24336
18645
14586
11495
23402
8009
12778
24313
3168
32318
766
23956
11495
18541
14451
28720
5037
24044
17557
32736
14517
28314
29336
30485
26488
28222
15476
13755
19887
4790
17669
27960
10104
3753
9214
22489
26749
30850
21921
9589
17054
10055
17330
23684
26642
27276
30663
20352
29091
31441
19651
981
27721
20585
14847
22982
4201
7802
52
1334
11756
19816
10462
18607
10071
23233
27602
16806
8294
10410
25005
22400
5320
2794
11213
1130
24715
22033
29887
12960
2867
7496
32530
4856
22577
11496
13660
14295
3062
1936
14528
1927
6859
11723
6932
18654
30558
4906
7684
20444
21002
2437
31500
20056
21264
27128
23421
27251
5294
1682
709
29229
16836
16087
3233
11223
10147
27216
14889
4471
15158
6790
19420
26204
8905
24972
11453
18436
16783
24446
2301
19705
12633
11505
28390
11965
20815
22662
15168
5734
7639
28555
4737
21101
24022
4784
18483
14898
20419
8398
9196
28450
16969
26059
15302
10157
16156
7004
30089
10402
6709
