2466
3573
17358
9914
32171
8144
3488
17185
28606
3982
13720
2667
26277
13295
8853
24111
9640
13742
12622
21897
27652
11481
5371
7642
22284
26031
25600
12894
19751
31977
16943
19899
17084
3695
12615
28610
10150
31193
11133
30925
5299
6717
14513
13192
1229
92
1661
8327
13965
8533
29658
3841
161
13811
434
19879
16139
15123
12856
19176
27238
10390
30718
31015
17761
17306
2031
32662
899
25858
29660
28389
11038
20974
29775
10254
24855
32319
13624
11517
11054
21592
11653
2756
17947
23666
9530
26211
14728
347
20793
6588
32242
24894
31870
6685
19779
23257
30982
25386
26799
32721
15705
1405
17716
24406
4671
24755
6176
20948
15565
6577
11360
1168
26778
4551
11550
10397
32425
28961
3388
29254
29737
26951
21468
27653
20262
5797
29897
32694
5477
21099
22076
21171
20150
9727
21220
23367
8381
3959
24006
11747
18555
31063
15898
1619
8118
11371
5326
54
857
15725
11766
12741
12557
1179
2868
14305
3261
10665
11972
17206
16841
23251
7531
28775
24471
18515
29903
8066
6296
30385
8427
12471
17574
23155
29483
7344
16456
350
19101
32009
20982
13414
25579
16683
21559
30388
11759
14031
23981
20153
31147
5463
13816
3802
20348
16919
11835
14009
7926
3414
21941
8051
9273
18775
23174
2749
14548
20372
20785
28155
17440
9039
9730
15501
27297
914
19635
19439
6406
19771
15039
22694
3907
1698
5476
6543
31582
21889
11623
29005
24286
28648
12808
7084
32669
17217
10199
14685
13035
10355
5199
1919
26287
1699
18864
32373
20111
21317
29990
6613
32454
14367
30516
13672
8082
8424
5549
28776
4891
11927
24545
23924
8441
22146
15719
19937
15712
22695
4115
29030
18243
4897
8479
8204
27618
13816
7045
23999
2176
5599
5617
8620
13627
25117
14600
18506
15009
14631
15240
5930
28731
15463
26629
5189
3119
5470
11869
8161
10534
26236
7254
3224
6384
228
5090
27075
22461
4988
23886
22627
30548
16820
26170
14026
14194
30637
3568
12771
10190
7679
25271
3124
23709
21908
28361
244
1188
25000
20134
23490
723
13206
13398
18469
15077
15039
30142
11380
6147
11486
5841
8519
9433
22265
29896
7143
18829
24524
13979
27892
15764
13917
2905
10840
25280
4682
15100
5377
10803
30282
13151
28887
16475
9425
25138
31197
25426
3587
23857
31865
1641
13219
20524
25382
10968
27610
32338
15570
17657
2717
14445
2661
11768
1883
26098
4265
195
23656
2739
14845
23226
24746
4434
29985
18
3172
24595
30312
10984
26868
12326
7807
793
14844
31487
7939
23935
16090
20813
22151
32629
1588
32559
9414
3271
16673
12541
14929
21531
8336
31254
8592
22803
13284
27981
12347
29950
11875
10815
23256
17732
5119
28206
28303
31041
29733
27410
4072
31978
7137
18707
22347
24279
32525
32267
21925
19470
28204
5867
3987
31575
23261
30429
15999
31080
6113
29922
27344
30411
8386
1894
31569
9050
8298
1220
29656
7535
1478
15407
16620
15836
9602
5413
14685
27781
7073
17352
19612
18067
22862
20710
29799
13290
9493
23588
11600
31318
26092
24308
10324
6353
11264
25238
32019
3747
13850
7800
27890
29132
1519
6077
11397
3000
17299
21910
24542
4617
21131
3914
28097
16102
18748
23075
29680
254
6274
25862
28995
22043
8888
25921
4287
9211
7111
10955
28187
5998
31770
12170
3034
26136
24017
986
1599
3856
7232
29307
26262
30238
24713
1270
25983
24397
19329
8390
6734
14812
24917
23967
14675
2578
6644
25655
7556
27417
32035
5426
3828
2855
1144
19817
29716
7966
12681
7634
16707
24088
19122
6788
27184
26654
32581
1712
5864
24159
14593
19147
31311
24556
6410
11616
10088
30604
14816
1361
12661
4148
31819
2741
23089
25234
21463
7469
31830
18534
6586
15052
20838
18254
6539
12582
586
32593
23749
28071
17328
19629
25799
249
4378
21171
22674
18162
16295
7482
30601
31048
29121
1854
29244
24809
514
30159
11030
12778
3115
24338
27234
19094
18887
10823
22609
25480
8913
1623
24502
3659
19983
18095
27547
26568
6193
13905
4382
14160
20867
31440
25722
2758
28760
13771
8126
5037
32333
20807
3271
6147
15050
7222
9556
2136
14463
3506
6732
30989
23401
18127
20637
3001
14082
7998
23764
18819
27972
19524
13492
11995
20631
32184
564
1544
19703
20401
23351
20560
13770
2684
3165
6536
20448
3612
27871
28810
8956
20800
30287
18777
23496
17357
15720
3477
26308
14491
5242
18392
12906
19003
30505
14497
12182
8223
31454
2756
27586
21948
16232
22609
19123
17962
5360
17630
12818
20557
9707
24875
5213
27405
4797
32525
17856
11587
30662
31029
13133
22445
15353
21559
31179
23848
23412
2637
18487
11116
12880
19650
8438
29351
6662
11029
25063
9207
31691
4098
2212
32672
4576
28479
15067
735
30292
10584
18323
15392
12791
8809
27247
6594
19595
30830
30719
16983
26429
3511
7363
21373
28026
23553
4889
17046
16819
9658
733
1107
6586
4148
5385
28891
12615
18962
18501
13806
11145
28851
9133
5750
15746
19155
20307
18971
12447
6989
24824
11198
9420
12044
10062
11362
26399
18419
14782
27459
24441
31789
28276
24500
15329
32439
10350
29714
1142
15461
7189
2325
24646
15054
3791
5515
10271
1906
8172
7192
7017
15179
25818
13949
14734
1218
11371
27392
28280
27717
5751
24129
9105
18037
9574
10703
6441
25895
1823
2449
32699
1801
28137
5262
15508
22478
30442
1954
30776
30116
29116
32015
14844
6450
18266
32172
12313
20310
8865
12409
8785
8479
18087
30402
26481
17870
5503
4661
31754
29787
20300
14679
20846
26629
29281
31019
31833
30907
31393
2026
27086
29681
31679
8636
4513
26922
272
18703
28303
1088
32210
7162
203
14495
25754
16295
3745
10798
24401
13237
13257
22127
12933
11044
14253
9713
8907
29838
6343
12713
4177
15518
18995
416
21680
11353
26282
12114
23521
7572
28101
18497
28942
4198
31396
19545
9273
9282
2268
32412
20022
3429
25010
12315
23599
7986
9114
5880
25241
7133
6311
28129
7836
22601
9497
32598
26917
15139
1021
444
32404
28258
26717
7236
6252
14446
6815
29555
9926
20094
28496
6139
31475
2632
32556
9598
32251
15029
28197
19186
25508
31648
4153
26912
29446
2242
25551
22887
13304
15658
9125
1817
32664
29651
28927
21241
32514
17556
29863
1588
13793
28345
4031
23593
7914
5207
10937
23409
16145
17368
2143
6648
16939
24660
6647
29735
4989
5016
27184
3996
20945
75
27897
11277
19258
5779
3779
6710
499
2496
21786
29299
9492
31477
9285
11982
13269
21238
11614
21642
10418
8947
5373
30529
30483
28317
21710
10405
16858
14071
4653
26746
19533
29954
10922
633
12531
9717
30496
32350
23135
32245
6264
14726
11479
32286
4559
26818
32078
7091
26302
6806
2044
18979
11022
14064
14497
27972
988
32582
9305
12498
10809
775
14588
29020
28596
29409
6156
28622
12472
8740
10279
24311
30113
7841
20052
22894
10718
27493
16528
17001
18554
5602
5004
599
19373
10650
21083
27142
30223
27872
29279
9670
20444
9477
11023
6112
3830
23408
9519
26450
14174
15219
31213
13782
4012
8083
16613
21140
16372
22488
21833
13186
16899
7105
10555
25678
31543
30634
7872
18689
11925
22249
21257
10358
19860
14596
7466
5792
3801
28975
18395
3722
5887
15229
32159
13696
1171
4188
7377
18942
3872
29064
16781
26349
9247
7807
6954
16751
8609
21413
31947
4368
12126
22980
27222
8674
25592
21874
16311
924
24472
23686
16114
26754
23063
11310
27311
25797
26846
21780
16148
3400
11072
31969
20742
1921
23860
4281
15205
30971
32464
17978
1254
15798
3791
9140
25413
12769
8311
1709
4154
18214
5963
5604
32055
24059
18573
10670
31936
29510
6154
2370
586
20380
30847
17287
6027
24838
10924
15248
7078
9874
20561
14677
24462
8876
11958
10860
4997
681
30528
2262
22608
22967
22173
20397
14284
19031
8159
7706
6393
24939
15832
27867
10046
27495
23485
13007
18346
6076
12705
5638
29910
23075
9877
11593
24193
1942
11992
27283
29744
2979
23164
15039
25945
30252
21374
22851
32552
6801
5698
18017
26672
15535
13001
22976
30486
31488
15654
12336
15667
9027
22693
13848
24532
14205
9288
22644
2797
15014
14130
20349
23497
24651
22515
31627
25440
937
32085
26010
26406
1087
29276
8801
28432
21370
18777
24371
10716
28801
4437
25911
21860
16184
14601
11621
31826
44
8759
17017
14156
22871
9131
18509
3113
2952
12721
3813
24214
27794
25357
17807
8172
25398
23988
28809
751
15724
18283
18591
3381
17420
4481
21683
1221
2362
5668
5941
27006
25674
5963
8401
22272
25032
31280
31206
14448
10032
31908
22103
27033
5638
5228
28651
21844
14460
24381
21529
16357
28874
9789
10880
4429
9188
1796
5672
29070
16563
25461
3461
5479
19800
14402
19235
22249
2117
5376
31919
2380
27372
19451
6020
4799
29724
5768
9082
16708
22717
3845
14438
7598
19990
25463
26134
12742
12028
26472
26602
17195
576
10893
12904
28487
2946
14571
20990
26302
9868
12113
17840
29019
14167
3644
587
29698
27592
6342
17215
17604
16133
13720
9936
8933
3983
32502
3329
29436
28060
31227
10623
13289
29196
28582
28646
28325
29372
31357
28080
31495
19882
15008
28826
3116
22277
15476
5208
8878
9860
23963
26596
29970
26177
16780
882
28252
23727
4539
31054
14530
8460
14590
19117
28301
4147
5405
18063
29916
26064
747
30827
21776
9644
2600
10401
25670
29125
22577
31426
19238
25517
14905
26083
11679
20372
26092
1531
7457
13477
29275
3391
1680
19338
17440
14277
15294
14168
6311
13195
1538
27140
3539
5801
5540
3685
14085
19378
19966
24023
3537
31805
7054
23427
17403
9894
8976
13208
9060
17410
8085
11831
29135
29839
15688
11502
32071
727
8194
2179
20702
13653
6150
16514
28162
22578
29964
811
24937
7497
4636
14433
4542
5587
1421
26049
5855
22001
32763
22873
30679
17949
31593
15754
2024
7203
27932
3156
17805
3708
2004
1821
15122
4456
21215
30128
26148
313
2478
27314
4008
2239
9648
3845
27397
24124
21424
16294
9858
1868
13658
2676
9948
9989
19139
15413
740
26986
13467
21855
14824
5602
625
28281
24323
858
17729
27158
26836
7021
25031
7060
20275
18415
23250
23409
20299
19112
5513
15040
27397
222
8303
8524
28784
19340
22028
30613
8233
30929
32281
19389
14293
9874
2663
28656
9845
17907
24883
5828
27293
3335
2758
30564
3950
26052
14103
10915
3277
32482
20317
23255
30544
18094
21265
16067
22852
15301
13835
4854
26644
27594
378
1806
7908
22291
5440
27076
28427
26287
17689
23066
15983
22112
359
17360
16182
387
8092
124
2074
32106
6915
24600
13525
24842
18318
27538
25205
14657
885
5380
9274
19277
29291
14387
5861
7370
10457
26419
27138
23986
19854
22792
18393
29321
16233
19255
8767
3867
627
3648
13015
24526
31712
7786
17342
20880
17049
22474
25248
14044
2136
28570
6141
29964
5128
17275
11731
6163
5739
7837
8883
16636
8101
7064
14796
11116
26735
28668
9570
9168
8828
15437
26528
6986
27154
585
880
9625
29834
10493
30859
3614
14347
32692
21976
16775
28413
6921
19144
1670
31030
8914
6467
6150
31456
11102
21211
6616
5014
25689
23080
25968
15139
1097
3903
11844
21037
24063
22077
6450
29876
3808
9646
16729
29534
30981
119
16137
4629
12989
15192
6362
7792
15117
1550
30894
26237
10081
29096
9045
3065
1939
3024
17819
28761
29031
20639
17711
29931
10645
5034
17481
30261
25310
6481
9006
499
27131
13615
17391
20014
26578
12819
5406
24496
15893
21919
14653
6904
2256
14183
31488
25975
21740
7133
30889
25342
26326
23315
1750
23950
24403
24145
26222
16516
4335
24556
17434
17909
13241
16235
29686
12749
3410
21903
18595
4743
13719
5984
10752
31283
31250
5487
30394
13338
24282
12508
19016
21492
29964
9144
26157
16179
5862
24957
19139
16086
14927
31536
11932
21881
26530
5636
12775
19313
12563
25627
31487
24600
32215
6355
17554
19006
9801
12892
3140
8952
21829
20176
16084
8956
32661
18641
10079
15712
18800
1435
13583
15323
15159
20829
20109
414
17127
15871
13053
8669
18916
1850
1054
30735
15197
31936
32732
14069
26807
22437
16398
7990
9924
0
19259
30254
25084
25064
25110
26038
28157
14703
26148
1055
22147
31134
21736
12610
26358
5257
16315
13932
22124
28929
7171
19690
28940
7112
2482
6443
2167
30012
21457
3267
8827
24038
23378
26638
535
8725
26438
3215
19001
6929
3615
15920
12413
1564
6372
6019
30275
22235
20576
12304
18188
9633
20541
5373
23174
14548
20372
20785
28155
17440
9039
9730
15501
27297
914
19635
19439
6406
19771
15039
22694
3907
1698
5476
6543
31582
21889
11623
29005
24286
28648
12808
7084
32669
17217
10199
14685
13035
10355
5199
1919
26287
1699
18864
32373
20111
21317
29990
6613
32454
14367
30516
13672
8082
8424
5549
28776
4891
11927
24545
23924
8441
22146
15719
19937
15712
22695
4115
29030
18243
4897
8479
8204
27618
13816
7045
23999
2176
5599
5617
8620
13627
25117
14600
18506
15009
14631
15240
5930
28731
15463
26629
5189
3119
5470
11869
8161
10534
26236
7254
3224
6384
228
5090
27075
22461
4988
23886
22627
30548
16820
26170
14026
14194
30637
3568
12771
10190
7679
25271
3124
23709
21908
28361
244
1188
25000
20134
23490
723
13206
13398
18469
15077
15039
30142
11380
6147
11486
5841
8519
9433
22265
29896
7143
18829
24524
13979
27892
15764
13917
2905
10840
25280
4682
15100
5377
10803
30282
13151
28887
16475
9425
25138
31197
25426
3587
23857
31865
1641
13219
20524
25382
10968
27610
32338
15570
17657
2717
14445
2661
11768
1883
26098
4265
195
23656
2739
14845
23226
24746
4434
29985
18
3172
24595
30312
10984
26868
12326
7807
793
14844
31487
7939
23935
16090
20813
22151
32629
1588
32559
9414
3271
16673
12541
14929
21531
8336
31254
8592
22803
13284
27981
12347
29950
11875
10815
23256
17732
5119
28206
28303
31041
29733
27410
4072
31978
7137
18707
22347
24279
32525
32267
21925
19470
28204
5867
3987
31575
23261
30429
15999
31080
6113
29922
27344
30411
8386
1894
31569
9050
8298
1220
29656
7535
1478
15407
16620
15836
9602
5413
14685
27781
7073
17352
19612
18067
22862
20710
29799
13290
9493
23588
11600
31318
26092
24308
10324
6353
11264
25238
32019
3747
13850
7800
27890
29132
1519
6077
11397
3000
17299
21910
24542
4617
21131
3914
28097
16102
18748
23075
29680
254
6274
25862
28995
22043
8888
25921
4287
9211
7111
10955
28187
5998
31770
12170
3034
26136
24017
986
1599
3856
7232
29307
26262
30238
24713
1270
25983
24397
19329
8390
6734
14812
24917
23967
14675
2578
6644
25655
7556
27417
32035
5426
3828
2855
1144
19817
29716
7966
12681
7634
16707
24088
19122
6788
27184
26654
32581
1712
5864
24159
14593
19147
31311
24556
6410
11616
10088
30604
14816
1361
12661
4148
31819
2741
23089
25234
21463
7469
31830
18534
6586
15052
20838
18254
6539
12582
32593
586
23749
28071
17328
19629
25799
249
4378
21171
22674
18162
16295
7482
30601
31048
29121
1854
29244
24809
514
30159
11030
12778
3115
24338
27234
19094
18887
10823
22609
25480
8913
1623
24502
3659
19983
18095
27547
26568
6193
13905
4382
14160
20867
31440
25722
2758
28760
13771
8126
5037
32333
20807
3271
6147
15050
7222
9556
2136
14463
3506
6732
30989
23401
18127
20637
3001
14082
7998
23764
18819
27972
19524
13492
11995
20631
32184
564
1544
19703
20401
23351
20560
13770
2684
3165
6536
20448
3612
27871
28810
8956
20800
30287
18777
23496
17357
15720
3477
26308
14491
5242
18392
12906
19003
30505
14497
12182
8223
31454
2756
27586
21948
16232
22609
19123
17962
5360
17630
12818
20557
9707
24875
5213
27405
4797
32525
17856
11587
30662
31029
13133
22445
15353
21559
31179
23848
23412
2637
18487
11116
12880
19650
8438
29351
6662
11029
25063
9207
31691
4098
2212
32672
4576
28479
15067
735
30292
10584
18323
15392
12791
8809
27247
6594
19595
30830
30719
16983
26429
3511
7363
21373
28026
23553
4889
17046
16819
9658
733
1107
6586
4148
5385
28891
12615
18962
18501
13806
11145
28851
9133
5750
15746
19155
20307
18971
12447
6989
24824
11198
9420
12044
10062
11362
26399
18419
14782
27459
24441
31789
28276
24500
15329
32439
10350
29714
1142
15461
7189
2325
24646
15054
3791
5515
10271
1906
8172
7192
7017
15179
25818
13949
14734
1218
11371
27392
28280
27717
5751
24129
9105
18037
9574
10703
6441
25895
1823
2449
32699
1801
28137
5262
15508
22478
30442
1954
30776
30116
29116
32015
14844
6450
18266
32172
12313
20310
8865
12409
8785
8479
18087
30402
26481
17870
5503
4661
31754
29787
20300
14679
20846
26629
29281
31019
31833
30907
31393
2026
27086
29681
31679
8636
4513
26922
272
18703
28303
1088
32210
7162
203
14495
25754
16295
3745
10798
24401
13237
13257
22127
12933
11044
14253
9713
8907
29838
6343
12713
4177
15518
18995
416
21680
11353
26282
12114
23521
7572
28101
18497
28942
4198
31396
19545
9273
9282
2268
32412
20022
3429
25010
12315
23599
7986
9114
5880
25241
7133
6311
28129
7836
22601
9497
32598
26917
15139
1021
444
32404
28258
26717
7236
6252
14446
6815
29555
9926
20094
28496
6139
31475
2632
32556
9598
32251
15029
28197
19186
25508
31648
4153
26912
29446
2242
25551
22887
13304
15658
9125
1817
32664
29651
28927
21241
32514
17556
29863
1588
13793
28345
4031
23593
7914
5207
10937
23409
16145
17368
2143
6648
16939
24660
6647
29735
4989
5016
27184
3996
20945
75
27897
11277
19258
5779
3779
6710
499
2496
21786
29299
9492
31477
9285
11982
13269
21238
11614
21642
10418
8947
5373
30529
30483
28317
21710
10405
16858
14071
4653
26746
19533
29954
10922
633
12531
9717
30496
32350
23135
32245
6264
14726
11479
32286
4559
26818
32078
7091
26302
6806
2044
18979
11022
14064
14497
27972
988
32582
9305
12498
10809
775
14588
29020
28596
29409
6156
28622
12472
8740
10279
24311
30113
7841
20052
22894
10718
27493
16528
17001
18554
5602
5004
599
19373
10650
21083
27142
30223
27872
29279
9670
20444
9477
11023
6112
3830
23408
9519
26450
14174
15219
31213
13782
4012
8083
16613
21140
16372
22488
21833
13186
16899
7105
10555
25678
31543
30634
7872
18689
11925
22249
21257
10358
19860
14596
7466
5792
3801
28975
18395
3722
5887
15229
32159
13696
1171
4188
7377
18942
3872
29064
16781
26349
9247
7807
6954
16751
8609
21413
31947
4368
12126
22980
27222
8674
25592
21874
16311
924
24472
23686
16114
26754
23063
11310
27311
25797
26846
21780
16148
3400
11072
31969
20742
1921
23860
4281
15205
30971
32464
17978
1254
15798
3791
9140
25413
12769
8311
1709
4154
18214
5963
5604
32055
24059
18573
10670
31936
29510
6154
2370
586
20380
30847
17287
6027
24838
10924
15248
7078
9874
20561
14677
24462
8876
11958
10860
4997
681
30528
2262
22608
22967
22173
20397
14284
19031
8159
7706
6393
24939
15832
27867
10046
27495
23485
13007
18346
6076
12705
5638
29910
23075
9877
11593
24193
1942
11992
27283
29744
2979
23164
15039
25945
30252
21374
22851
32552
6801
5698
18017
26672
15535
13001
22976
30486
31488
15654
12336
15667
9027
22693
13848
24532
14205
9288
22644
2797
15014
14130
20349
23497
24651
22515
31627
25440
937
32085
26010
26406
1087
29276
8801
28432
21370
18777
24371
10716
28801
4437
25911
21860
16184
14601
11621
31826
44
8759
17017
14156
22871
9131
18509
3113
2952
12721
3813
24214
27794
25357
17807
8172
25398
23988
28809
751
15724
18283
18591
3381
17420
4481
21683
1221
2362
5668
5941
27006
25674
5963
8401
22272
25032
31280
31206
14448
10032
31908
22103
27033
5638
5228
28651
21844
14460
24381
21529
16357
28874
9789
10880
4429
9188
1796
5672
29070
16563
25461
3461
5479
19800
14402
19235
22249
2117
5376
31919
2380
27372
19451
6020
4799
29724
5768
9082
16708
22717
3845
14438
7598
19990
25463
26134
12742
12028
26472
26602
17195
576
10893
12904
28487
2946
14571
20990
26302
9868
12113
17840
29019
3644
14167
587
29698
27592
6342
17215
17604
16133
13720
9936
8933
3983
32502
3329
29436
28060
31227
10623
13289
29196
28582
28646
28325
29372
31357
28080
31495
19882
15008
28826
3116
22277
15476
5208
8878
9860
23963
26596
29970
26177
16780
882
28252
23727
4539
31054
14530
8460
14590
19117
28301
4147
5405
18063
29916
26064
747
30827
21776
9644
2600
10401
25670
29125
22577
31426
19238
25517
14905
26083
11679
20372
26092
1531
7457
13477
29275
3391
1680
19338
17440
14277
15294
14168
6311
13195
1538
27140
3539
5801
5540
3685
14085
19378
19966
24023
3537
31805
7054
23427
17403
9894
8976
13208
9060
17410
8085
11831
29135
29839
15688
11502
32071
727
8194
2179
20702
13653
6150
16514
28162
22578
29964
811
24937
7497
4636
14433
4542
5587
1421
26049
5855
22001
32763
22873
30679
17949
31593
15754
2024
7203
27932
3156
17805
3708
2004
1821
15122
4456
21215
30128
26148
313
2478
27314
4008
2239
9648
3845
24124
27397
21424
16294
9858
1868
13658
2676
9948
9989
19139
15413
740
26986
13467
21855
14824
5602
625
28281
24323
858
17729
27158
26836
7021
25031
7060
20275
18415
23250
23409
20299
19112
5513
15040
27397
222
8303
8524
28784
19340
22028
30613
8233
30929
32281
19389
14293
9874
2663
28656
9845
17907
24883
5828
27293
3335
2758
30564
3950
26052
14103
10915
3277
32482
20317
23255
30544
18094
21265
16067
22852
15301
13835
4854
26644
27594
378
1806
7908
22291
5440
27076
28427
26287
17689
23066
15983
22112
359
17360
16182
387
8092
124
2074
32106
6915
24600
13525
24842
18318
27538
25205
14657
885
5380
9274
19277
29291
14387
5861
7370
10457
26419
27138
23986
19854
22792
18393
29321
16233
19255
8767
3867
627
3648
13015
24526
31712
7786
17342
20880
17049
22474
25248
14044
2136
28570
6141
29964
5128
17275
11731
6163
5739
7837
8883
16636
8101
7064
14796
11116
26735
28668
9570
9168
8828
15437
26528
6986
27154
585
880
9625
29834
10493
30859
3614
14347
32692
21976
16775
28413
6921
19144
1670
31030
8914
6467
6150
31456
11102
21211
6616
5014
25689
23080
25968
15139
1097
3903
11844
21037
24063
22077
6450
29876
3808
9646
16729
29534
30981
119
16137
4629
12989
15192
6362
7792
15117
1550
30894
26237
10081
29096
9045
3065
1939
3024
17819
28761
29031
20639
17711
29931
10645
5034
17481
30261
25310
6481
9006
499
27131
13615
17391
20014
26578
12819
5406
24496
15893
21919
14653
6904
2256
14183
31488
25975
21740
7133
30889
25342
26326
23315
1750
23950
24403
24145
26222
16516
4335
24556
17434
17909
13241
16235
29686
12749
3410
21903
18595
4743
13719
5984
10752
31283
31250
5487
30394
13338
24282
12508
19016
21492
29964
9144
26157
16179
5862
24957
16086
19139
14927
31536
11932
21881
26530
5636
12775
19313
12563
25627
31487
24600
32215
6355
17554
19006
9801
12892
3140
8952
21829
20176
16084
8956
32661
18641
10079
15712
18800
1435
13583
15323
15159
20829
20109
414
17127
15871
13053
8669
18916
1850
1054
30735
15197
31936
32732
14069
26807
22437
16398
7990
9924
0
19259
30254
25084
25064
25110
26038
28157
14703
26148
1055
22147
31134
21736
12610
26358
5257
16315
13932
22124
28929
7171
19690
28940
7112
2482
6443
2167
30012
21457
3267
8827
24038
23378
26638
535
8725
26438
3215
19001
6929
3615
15920
12413
1564
6372
6019
30275
22235
20576
12304
18188
9633
20541
5373
