3047
20750
2665
31883
18960
14365
19896
8068
27415
18274
26724
12611
23087
29128
22247
22045
27094
29992
12815
22487
19027
24039
19489
13829
16796
28566
29059
6931
26961
3674
28395
2324
15704
8591
3313
27182
1722
31354
20250
32133
26550
6019
9834
24573
18029
11852
27817
15995
2271
7873
29975
18163
1141
27837
19388
32080
30259
28616
24780
24515
19951
1855
22344
21501
11614
2976
20094
28130
23238
531
28418
5218
23371
26002
24555
4932
19033
10799
1909
23982
10872
14674
31173
23106
16668
3705
18786
1158
11240
19245
24336
8106
13516
24450
20079
3181
3056
11032
16141
23571
