23612
23577
29103
28005
12640
1079
3024
26171
6618
10378
16178
404
14837
26916
4979
17746
15351
18166
11400
4553
19912
3002
12464
896
28993
23940
420
6108
25379
2287
10129
19521
19745
13640
7657
4010
32700
13952
14568
12447
26676
30922
21084
11813
24501
8573
6538
7411
29620
19564
22506
29506
13294
12971
17363
8648
18023
844
801
18804
13879
7687
8622
21554
9647
10863
16215
19536
5385
23490
25918
26693
5384
8316
24565
27177
9064
24744
9581
11931
2406
14247
14689
17527
29505
2796
22187
21760
14587
17176
29166
14111
608
8886
30691
15838
15357
23492
25562
16162
