25473
23252
19299
9711
21438
7676
20343
10438
13649
14626
18923
30016
11409
24689
16959
11115
6163
3042
22238
31844
18673
3633
19933
32266
26218
27540
28686
29090
20430
20050
13247
32608
3275
1798
1878
25823
7158
2776
12510
429
27475
24071
17387
21416
31455
9681
32574
19884
28715
30283
30783
15746
6048
24279
17057
590
9002
3494
21398
28445
14364
5040
19156
27893
8952
25713
13814
19859
4686
7901
11893
31548
25774
9129
11551
17949
16533
32057
26867
31442
15637
24780
8715
26414
32363
11553
12398
30101
4249
32112
8891
26580
11178
20213
5109
31664
8903
20371
8693
16147
