8576
2349
8920
4227
13129
25304
20663
15862
32055
4202
21391
1087
9653
3974
7088
21460
2973
14097
29317
16982
22632
1606
15565
20892
7863
30201
24372
3597
22151
9894
8887
10375
14219
3371
2339
27743
25027
30561
21503
18567
26563
14842
26056
32582
27209
5131
26191
4063
3718
8171
20865
13400
24036
23065
27231
29445
7996
31752
17677
32351
24586
6640
24606
14161
1133
7439
14751
28342
6280
3213
682
30532
28278
26536
9925
20424
25668
13042
27768
3638
13263
31715
21603
22981
27020
2741
20622
8591
28660
9880
3224
19006
26179
10838
15428
29788
10315
6931
13215
563
